1543582069067130000,1543582070002002000,934872000,8019
1543582069064230000,1543582070444578000,1380348000,8019
1543582069067896000,1543582070881580000,1813684000,8019
1543582069080736000,1543582071326832000,2246096000,8019
1543582069087090000,1543582071814903000,2727813000,8019
1543582069111582000,1543582072234066000,3122484000,8019
1543582069096492000,1543582072735623000,3639131000,8019
1543582069152871000,1543582073147615000,3994744000,8019
1543582069172512000,1543582073657958000,4485446000,8019
1543582069213152000,1543582074067820000,4854668000,8019
1543582069171073000,1543582074708078000,5537005000,8019
1543582069155935000,1543582075193822000,6037887000,8019
1543582069197757000,1543582075807090000,6609333000,8019
1543582069236708000,1543582076267714000,7031006000,8019
1543582069188555000,1543582076934230000,7745675000,8019
1543582069138166000,1543582077447824000,8309658000,8019
1543582069213095000,1543582078033405000,8820310000,8019
1543582069106515000,1543582078603837000,9497322000,8019
1543582069124651000,1543582079085170000,9960519000,8019
1543582069129535000,1543582079699937000,10570402000,8019
1543582069076780000,1543582080313266000,11236486000,8019
1543582069341489000,1543582080825715000,11484226000,8019
1543582069334891000,1543582081441290000,12106399000,8019
1543582069343470000,1543582081910395000,12566925000,8019
1543582069349720000,1543582082469508000,13119788000,8019
1543582069331251000,1543582083151109000,13819858000,8019
1543582069413748000,1543582083710056000,14296308000,8019
1543582069399824000,1543582084204999000,14805175000,8019
1543582069404881000,1543582084781295000,15376414000,8019
1543582069421239000,1543582085331566000,15910327000,8019
1543582069652973000,1543582085843463000,16190490000,8019
1543582069675775000,1543582086458295000,16782520000,8019
1543582069683357000,1543582087073205000,17389848000,8019
1543582069662007000,1543582087669801000,18007794000,8019
1543582069658771000,1543582088103458000,18444687000,8019
1543582069692203000,1543582088665876000,18973673000,8019
1543582069544865000,1543582089221839000,19676974000,8019
1543582069559710000,1543582089835366000,20275656000,8019
1543582069666895000,1543582090348339000,20681444000,8019
1543582069549190000,1543582090962980000,21413790000,8019
1543582069541593000,1543582091577455000,22035862000,8019
1543582069533859000,1543582092108294000,22574435000,8019
1543582069596546000,1543582092709796000,23113250000,8019
1543582069591741000,1543582093318218000,23726477000,8019
1543582069611562000,1543582093831027000,24219465000,8019
1543582069458621000,1543582094295684000,24837063000,8019
1543582069463672000,1543582094956764000,25493092000,8019
1543582069475270000,1543582095469122000,25993852000,8019
1543582069471611000,1543582096082522000,26610911000,8019
1543582069600106000,1543582096558785000,26958679000,8019
1543582069603435000,1543582097210357000,27606922000,8019
1543582069481475000,1543582097647063000,28165588000,8019
1543582069617843000,1543582098335841000,28717998000,8019
1543582069492935000,1543582098847790000,29354855000,8019
1543582069512029000,1543582099380959000,29868930000,8019
1543582069820446000,1543582099974619000,30154173000,8019
1543582069832237000,1543582100514188000,30681951000,8019
1543582069835179000,1543582101078099000,31242920000,8019
1543582069814156000,1543582101838720000,32024564000,8019
1543582069814291000,1543582102179101000,32364810000,8019
1543582069733534000,1543582102847427000,33113893000,8019
1543582069732111000,1543582103639686000,33907575000,8019
1543582069762890000,1543582104109878000,34346988000,8019
1543582069790749000,1543582104481104000,34690355000,8019
1543582069768240000,1543582105094755000,35326515000,8019
1543582069762543000,1543582105708494000,35945951000,8019
1543582069740787000,1543582106209818000,36469031000,8019
1543582069860815000,1543582106734630000,36873815000,8019
1543582069894270000,1543582107298252000,37403982000,8019
1543582069890493000,1543582107859072000,37968579000,8019
1543582069888151000,1543582108474082000,38585931000,8019
1543582069841056000,1543582108987078000,39146022000,8019
1543582069882019000,1543582109601547000,39719528000,8019
1543582069974237000,1543582110169484000,40195247000,8019
1543582070005268000,1543582110622354000,40617086000,8019
1543582070000649000,1543582111239458000,41238809000,8019
1543582070025809000,1543582111756939000,41731130000,8019
1543582070042407000,1543582112468445000,42426038000,8019
1543582069941495000,1543582112923727000,42982232000,8019
1543582069941411000,1543582113435233000,43493822000,8019
1543582069956046000,1543582114039654000,44083608000,8019
1543582069945940000,1543582114599369000,44653429000,8019
1543582069949118000,1543582115169775000,45220657000,8019
1543582069179050000,1543582115749467000,46570417000,8019
1543582069062436000,1543582116308605000,47246169000,8019
1543582069224646000,1543582116871539000,47646893000,8019
1543582069237736000,1543582117484958000,48247222000,8019
1543582069073982000,1543582117977230000,48903248000,8019
1543582069340551000,1543582118612106000,49271555000,8019
1543582069406486000,1543582119229428000,49822942000,8019
1543582069411160000,1543582119648093000,50236933000,8019
1543582069537023000,1543582120251469000,50714446000,8019
1543582069711293000,1543582120777622000,51066329000,8019
1543582069733184000,1543582121315838000,51582654000,8019
1543582069784533000,1543582121898999000,52114466000,8019
1543582069897483000,1543582122474284000,52576801000,8019
1543582070029104000,1543582123022969000,52993865000,8019
1543582069212907000,1543582123676902000,54463995000,8019
1543582069195325000,1543582124244646000,55049321000,8019
1543582069111908000,1543582124755469000,55643561000,8019
1543582070012195000,1543582125255267000,55243072000,8019
