1543582006967074000,1543582007370457000,403383000,247500
1543582006967345000,1543582007485982000,518637000,247500
1543582006973682000,1543582007545609000,571927000,247500
1543582007095146000,1543582007678684000,583538000,247500
1543582007131673000,1543582007775169000,643496000,247500
1543582007141392000,1543582007799641000,658249000,247500
1543582007073499000,1543582007916145000,842646000,247500
1543582007119245000,1543582007974015000,854770000,247500
1543582007112113000,1543582008033619000,921506000,247500
1543582007145479000,1543582008154652000,1009173000,247500
1543582007137693000,1543582008184067000,1046374000,247500
1543582007111831000,1543582008264371000,1152540000,247500
1543582007031844000,1543582008401549000,1369705000,247500
1543582007003466000,1543582008439134000,1435668000,247500
1543582007091726000,1543582008519692000,1427966000,247500
1543582007023939000,1543582008610860000,1586921000,247500
1543582007062762000,1543582008666486000,1603724000,247500
1543582007042179000,1543582008759271000,1717092000,247500
1543582007017442000,1543582008853724000,1836282000,247500
1543582007052890000,1543582008946495000,1893605000,247500
1543582007058016000,1543582009033709000,1975693000,247500
1543582006974474000,1543582009058993000,2084519000,247500
1543582006978483000,1543582009167353000,2188870000,247500
1543582006983035000,1543582009277753000,2294718000,247500
1543582006983257000,1543582009316389000,2333132000,247500
1543582006989290000,1543582009399404000,2410114000,247500
1543582007255744000,1543582009488978000,2233234000,247500
1543582007259180000,1543582009582933000,2323753000,247500
1543582007283347000,1543582009668959000,2385612000,247500
1543582007298843000,1543582009759186000,2460343000,247500
1543582007245857000,1543582009788173000,2542316000,247500
1543582007248721000,1543582009900544000,2651823000,247500
1543582007306869000,1543582010007281000,2700412000,247500
1543582007354199000,1543582010066284000,2712085000,247500
1543582007362762000,1543582010125512000,2762750000,247500
1543582007388059000,1543582010219297000,2831238000,247500
1543582007393537000,1543582010340485000,2946948000,247500
1543582007339621000,1543582010379798000,3040177000,247500
1543582007412867000,1543582010458748000,3045881000,247500
1543582007404614000,1543582010551819000,3147205000,247500
1543582007343571000,1543582010644917000,3301346000,247500
1543582007448931000,1543582010733700000,3284769000,247500
1543582007443916000,1543582010820234000,3376318000,247500
1543582007450878000,1543582010848576000,3397698000,247500
1543582007453159000,1543582010962666000,3509507000,247500
1543582007496264000,1543582011098425000,3602161000,247500
1543582007478922000,1543582011135157000,3656235000,247500
1543582007519293000,1543582011217571000,3698278000,247500
1543582007527431000,1543582011301223000,3773792000,247500
1543582007508871000,1543582011396905000,3888034000,247500
1543582007583427000,1543582011478950000,3895523000,247500
1543582007551211000,1543582011564094000,4012883000,247500
1543582007591477000,1543582011591951000,4000474000,247500
1543582007579924000,1543582011707105000,4127181000,247500
1543582007578951000,1543582011811300000,4232349000,247500
1543582007650610000,1543582011865589000,4214979000,247500
1543582007645105000,1543582011925648000,4280543000,247500
1543582007643986000,1543582012015690000,4371704000,247500
1543582007541801000,1543582012132609000,4590808000,247500
1543582007670265000,1543582012186681000,4516416000,247500
1543582007707028000,1543582012270962000,4563934000,247500
1543582007727152000,1543582012364583000,4637431000,247500
1543582007703531000,1543582012459318000,4755787000,247500
1543582007700788000,1543582012522662000,4821874000,247500
1543582007713364000,1543582012609317000,4895953000,247500
1543582007733186000,1543582012664495000,4931309000,247500
1543582007754853000,1543582012744972000,4990119000,247500
1543582007798880000,1543582012834632000,5035752000,247500
1543582007824042000,1543582012911427000,5087385000,247500
1543582007832107000,1543582013060649000,5228542000,247500
1543582007833155000,1543582013116908000,5283753000,247500
1543582007782096000,1543582013173656000,5391560000,247500
1543582007840031000,1543582013261521000,5421490000,247500
1543582007784751000,1543582013367660000,5582909000,247500
1543582007760739000,1543582013403505000,5642766000,247500
1543582007879321000,1543582013487827000,5608506000,247500
1543582007885236000,1543582013605900000,5720664000,247500
1543582007878540000,1543582013674889000,5796349000,247500
1543582007875310000,1543582013728836000,5853526000,247500
1543582007901291000,1543582013822302000,5921011000,247500
1543582007914485000,1543582013947284000,6032799000,247500
1543582007946605000,1543582014012266000,6065661000,247500
1543582007943463000,1543582014071096000,6127633000,247500
1543582007088142000,1543582014164269000,7076127000,247500
1543582007005580000,1543582014258037000,7252457000,247500
1543582007038617000,1543582014307726000,7269109000,247500
1543582006992956000,1543582014391662000,7398706000,247500
1543582007268552000,1543582014455046000,7186494000,247500
1543582007246336000,1543582014576016000,7329680000,247500
1543582007344704000,1543582014644766000,7300062000,247500
1543582007347716000,1543582014731461000,7383745000,247500
1543582007456965000,1543582014810766000,7353801000,247500
1543582007527981000,1543582014915421000,7387440000,247500
1543582007601948000,1543582014973609000,7371661000,247500
1543582007647512000,1543582015034250000,7386738000,247500
1543582007641819000,1543582015126995000,7485176000,247500
1543582007587418000,1543582015243367000,7655949000,247500
1543582007816392000,1543582015295430000,7479038000,247500
1543582007876846000,1543582015381157000,7504311000,247500
1543582007948203000,1543582015439463000,7491260000,247500
1543582007941636000,1543582015575513000,7633877000,247500
