1543440814461428000,1543440815951381000,1489953000,"970299"
1543440814460514000,1543440815966739000,1506225000,"970299"
1543440814458238000,1543440816007765000,1549527000,"970299"
1543440814470241000,1543440816277802000,1807561000,"970299"
1543440815024187000,1543440818872899000,3848712000,"970299"
1543440815026206000,1543440818896020000,3869814000,"970299"
1543440814442753000,1543440819283525000,4840772000,"970299"
1543440814648303000,1543440819386561000,4738258000,"970299"
1543440814582328000,1543440819386676000,4804348000,"970299"
1543440814812017000,1543440819427166000,4615149000,"970299"
1543440814873381000,1543440819484739000,4611358000,"970299"
1543440814803164000,1543440819519236000,4716072000,"970299"
1543440814673298000,1543440819520300000,4847002000,"970299"
1543440814626296000,1543440819562565000,4936269000,"970299"
1543440814632785000,1543440819580170000,4947385000,"970299"
1543440814609946000,1543440819594503000,4984557000,"970299"
1543440814570060000,1543440819636902000,5066842000,"970299"
1543440814756654000,1543440819736261000,4979607000,"970299"
1543440814632089000,1543440819736305000,5104216000,"970299"
1543440814758044000,1543440819751586000,4993542000,"970299"
1543440814778999000,1543440820326923000,5547924000,"970299"
1543440814790171000,1543440821646572000,6856401000,"970299"
1543440814589891000,1543440821651905000,7062014000,"970299"
1543440814872984000,1543440821669344000,6796360000,"970299"
1543440814760427000,1543440821686285000,6925858000,"970299"
1543440814785277000,1543440821699006000,6913729000,"970299"
1543440814787098000,1543440821706944000,6919846000,"970299"
1543440814947114000,1543440821740216000,6793102000,"970299"
1543440814687913000,1543440821760204000,7072291000,"970299"
1543440814874801000,1543440821795164000,6920363000,"970299"
1543440814975285000,1543440821821299000,6846014000,"970299"
1543440814930095000,1543440821830912000,6900817000,"970299"
1543440814573035000,1543440821839849000,7266814000,"970299"
1543440814606605000,1543440821867129000,7260524000,"970299"
1543440814772064000,1543440821875733000,7103669000,"970299"
1543440814988738000,1543440821905313000,6916575000,"970299"
1543440814968494000,1543440821959660000,6991166000,"970299"
1543440814981541000,1543440821991093000,7009552000,"970299"
1543440814577969000,1543440822039574000,7461605000,"970299"
1543440814766034000,1543440822138509000,7372475000,"970299"
1543440814926715000,1543440822155927000,7229212000,"970299"
1543440814783996000,1543440822276316000,7492320000,"970299"
1543440814803465000,1543440822299387000,7495922000,"970299"
1543440814973759000,1543440822321207000,7347448000,"970299"
1543440814752811000,1543440822355863000,7603052000,"970299"
1543440814810079000,1543440822378051000,7567972000,"970299"
1543440814598474000,1543440822791329000,8192855000,"970299"
1543440814626704000,1543440822807239000,8180535000,"970299"
1543440814763106000,1543440822872361000,8109255000,"970299"
1543440814576120000,1543440822893983000,8317863000,"970299"
1543440814600084000,1543440823296196000,8696112000,"970299"
