1543440813977321000,1543440815935773000,1958452000,"247500"
1543440813989310000,1543440816086774000,2097464000,"247500"
1543440813984667000,1543440816328117000,2343450000,"247500"
1543440813976519000,1543440816459493000,2482974000,"247500"
1543440814153817000,1543440816547746000,2393929000,"247500"
1543440813986127000,1543440816566538000,2580411000,"247500"
1543440814118431000,1543440816580602000,2462171000,"247500"
1543440814236062000,1543440816687095000,2451033000,"247500"
1543440814010433000,1543440816740793000,2730360000,"247500"
1543440813999908000,1543440816751343000,2751435000,"247500"
1543440814260974000,1543440816784403000,2523429000,"247500"
1543440814250532000,1543440816813278000,2562746000,"247500"
1543440814190848000,1543440816814900000,2624052000,"247500"
1543440814222226000,1543440816843409000,2621183000,"247500"
1543440814161372000,1543440816855067000,2693695000,"247500"
1543440814192804000,1543440816865184000,2672380000,"247500"
1543440814017987000,1543440816875719000,2857732000,"247500"
1543440814051347000,1543440816875245000,2823898000,"247500"
1543440814099830000,1543440816886122000,2786292000,"247500"
1543440814039176000,1543440816886448000,2847272000,"247500"
1543440814233197000,1543440816897404000,2664207000,"247500"
1543440814237338000,1543440818282387000,4045049000,"247500"
1543440814192409000,1543440818289914000,4097505000,"247500"
1543440814211711000,1543440818332069000,4120358000,"247500"
1543440814023064000,1543440818349271000,4326207000,"247500"
1543440814123557000,1543440818380847000,4257290000,"247500"
1543440814226533000,1543440818414530000,4187997000,"247500"
1543440814129410000,1543440818417849000,4288439000,"247500"
1543440814239457000,1543440818430319000,4190862000,"247500"
1543440814075475000,1543440818465378000,4389903000,"247500"
1543440814076800000,1543440818474650000,4397850000,"247500"
1543440813998972000,1543440818495643000,4496671000,"247500"
1543440814081796000,1543440818495724000,4413928000,"247500"
1543440814019746000,1543440818511000000,4491254000,"247500"
1543440813988792000,1543440818777121000,4788329000,"247500"
1543440814106046000,1543440818815184000,4709138000,"247500"
1543440814105231000,1543440818870788000,4765557000,"247500"
1543440813996974000,1543440819069200000,5072226000,"247500"
1543440814381686000,1543440820756826000,6375140000,"247500"
1543440814414252000,1543440820862285000,6448033000,"247500"
1543440814344123000,1543440821290110000,6945987000,"247500"
1543440814359563000,1543440821291924000,6932361000,"247500"
1543440814348669000,1543440821293202000,6944533000,"247500"
1543440814416425000,1543440821292191000,6875766000,"247500"
1543440814203412000,1543440821298809000,7095397000,"247500"
1543440814424974000,1543440821293783000,6868809000,"247500"
1543440814352694000,1543440821299592000,6946898000,"247500"
1543440814420669000,1543440821301641000,6880972000,"247500"
1543440814370716000,1543440821327378000,6956662000,"247500"
1543440814382733000,1543440821429552000,7046819000,"247500"
1543440814403663000,1543440821453472000,7049809000,"247500"
