1543581913808598000,1543581915286058000,1477460000,"970299"
1543581913819222000,1543581915302697000,1483475000,"970299"
1543581913805786000,1543581915362408000,1556622000,"970299"
1543581913964024000,1543581915380256000,1416232000,"970299"
1543581914085400000,1543581915380663000,1295263000,"970299"
1543581913851297000,1543581915398076000,1546779000,"970299"
1543581913991697000,1543581915403011000,1411314000,"970299"
1543581913839231000,1543581915409474000,1570243000,"970299"
1543581914111591000,1543581915410001000,1298410000,"970299"
1543581913965074000,1543581915416672000,1451598000,"970299"
1543581913932543000,1543581915445635000,1513092000,"970299"
1543581914174868000,1543581915458626000,1283758000,"970299"
1543581913880632000,1543581915463103000,1582471000,"970299"
1543581913815481000,1543581915481724000,1666243000,"970299"
1543581913827872000,1543581915488533000,1660661000,"970299"
1543581913831339000,1543581915488427000,1657088000,"970299"
1543581913999679000,1543581915493785000,1494106000,"970299"
1543581913824815000,1543581915501749000,1676934000,"970299"
1543581914172722000,1543581915517152000,1344430000,"970299"
1543581913808563000,1543581915520686000,1712123000,"970299"
1543581913894655000,1543581915523709000,1629054000,"970299"
1543581913906143000,1543581915525375000,1619232000,"970299"
1543581914254980000,1543581915528671000,1273691000,"970299"
1543581914265281000,1543581915538075000,1272794000,"970299"
1543581913946908000,1543581915587048000,1640140000,"970299"
1543581913891344000,1543581915594990000,1703646000,"970299"
1543581913943386000,1543581915595977000,1652591000,"970299"
1543581913924041000,1543581915610707000,1686666000,"970299"
1543581913992678000,1543581915627997000,1635319000,"970299"
1543581914253263000,1543581915633390000,1380127000,"970299"
1543581914310356000,1543581915633436000,1323080000,"970299"
1543581914107326000,1543581915643330000,1536004000,"970299"
1543581913868126000,1543581915647683000,1779557000,"970299"
1543581914201160000,1543581915654015000,1452855000,"970299"
1543581913852393000,1543581915654782000,1802389000,"970299"
1543581913874586000,1543581915661499000,1786913000,"970299"
1543581914101652000,1543581915667826000,1566174000,"970299"
1543581913917700000,1543581915671041000,1753341000,"970299"
1543581914304894000,1543581915710606000,1405712000,"970299"
1543581914304956000,1543581915725342000,1420386000,"970299"
1543581914310424000,1543581915727382000,1416958000,"970299"
1543581914240989000,1543581915768498000,1527509000,"970299"
1543581914246291000,1543581915769314000,1523023000,"970299"
1543581914307505000,1543581915786250000,1478745000,"970299"
1543581914246939000,1543581915804020000,1557081000,"970299"
1543581914500595000,1543581915806808000,1306213000,"970299"
1543581914569800000,1543581915819408000,1249608000,"970299"
1543581914301110000,1543581915826223000,1525113000,"970299"
1543581914626500000,1543581915845378000,1218878000,"970299"
1543581914386475000,1543581915847642000,1461167000,"970299"
1543581914630222000,1543581915857566000,1227344000,"970299"
1543581914735319000,1543581915860041000,1124722000,"970299"
1543581914575409000,1543581915879912000,1304503000,"970299"
1543581914688084000,1543581915880334000,1192250000,"970299"
1543581914678518000,1543581915880065000,1201547000,"970299"
1543581914738191000,1543581915884879000,1146688000,"970299"
1543581914626032000,1543581915896559000,1270527000,"970299"
1543581914358317000,1543581916039988000,1681671000,"970299"
1543581914686133000,1543581916138594000,1452461000,"970299"
1543581913812751000,1543581916231629000,2418878000,"970299"
1543581914109347000,1543581916328997000,2219650000,"970299"
1543581913859549000,1543581916359907000,2500358000,"970299"
1543581914352107000,1543581916359997000,2007890000,"970299"
1543581913958404000,1543581916368018000,2409614000,"970299"
1543581914178485000,1543581916378417000,2199932000,"970299"
1543581914106434000,1543581916378549000,2272115000,"970299"
1543581914136708000,1543581916379968000,2243260000,"970299"
1543581914202028000,1543581916427053000,2225025000,"970299"
1543581913945580000,1543581916471470000,2525890000,"970299"
1543581914177076000,1543581916548068000,2370992000,"970299"
1543581913906262000,1543581916565935000,2659673000,"970299"
1543581914416453000,1543581916682900000,2266447000,"970299"
1543581914349274000,1543581916688702000,2339428000,"970299"
1543581914708377000,1543581916700798000,1992421000,"970299"
1543581914400661000,1543581916758116000,2357455000,"970299"
1543581914438391000,1543581916771500000,2333109000,"970299"
1543581914515285000,1543581916826627000,2311342000,"970299"
1543581914579299000,1543581916862767000,2283468000,"970299"
1543581914692988000,1543581916913284000,2220296000,"970299"
1543581914525901000,1543581916995252000,2469351000,"970299"
1543581914512295000,1543581916996062000,2483767000,"970299"
1543581914407214000,1543581916995411000,2588197000,"970299"
1543581914626185000,1543581916999827000,2373642000,"970299"
1543581914581506000,1543581916999710000,2418204000,"970299"
1543581914365260000,1543581917021991000,2656731000,"970299"
1543581914453973000,1543581917044727000,2590754000,"970299"
1543581914461943000,1543581917059839000,2597896000,"970299"
1543581914468630000,1543581917062408000,2593778000,"970299"
1543581914757036000,1543581917097421000,2340385000,"970299"
1543581914636741000,1543581917099509000,2462768000,"970299"
1543581914367626000,1543581917119950000,2752324000,"970299"
1543581914682874000,1543581917138260000,2455386000,"970299"
1543581914505942000,1543581917160643000,2654701000,"970299"
1543581914535687000,1543581917182189000,2646502000,"970299"
1543581914411357000,1543581917182239000,2770882000,"970299"
1543581914502925000,1543581917237722000,2734797000,"970299"
1543581914457052000,1543581917240486000,2783434000,"970299"
1543581914572089000,1543581917300624000,2728535000,"970299"
1543581914457006000,1543581917320883000,2863877000,"970299"
1543581914558855000,1543581917337653000,2778798000,"970299"
1543581914634994000,1543581918009819000,3374825000,"970299"
