1543581945226645000,1543581950422044000,5195399000,"8019"
1543581945157838000,1543581950422359000,5264521000,"8019"
1543581945227692000,1543581950441850000,5214158000,"8019"
1543581945205607000,1543581950549025000,5343418000,"8019"
1543581945192595000,1543581950620291000,5427696000,"8019"
1543581945088064000,1543581952620771000,7532707000,"8019"
1543581945071795000,1543581953133464000,8061669000,"8019"
1543581945200012000,1543581953156802000,7956790000,"8019"
1543581945304390000,1543581953172792000,7868402000,"8019"
1543581945324450000,1543581953189786000,7865336000,"8019"
1543581945305447000,1543581953210417000,7904970000,"8019"
1543581945116691000,1543581953320355000,8203664000,"8019"
1543581944840739000,1543581953339488000,8498749000,"8019"
1543581944940670000,1543581953427808000,8487138000,"8019"
1543581944850569000,1543581953509965000,8659396000,"8019"
1543581944949447000,1543581953651903000,8702456000,"8019"
1543581944827797000,1543581953666429000,8838632000,"8019"
1543581945160367000,1543581954464108000,9303741000,"8019"
1543581944820147000,1543581954483759000,9663612000,"8019"
1543581944836266000,1543581954519659000,9683393000,"8019"
1543581945074817000,1543581954519575000,9444758000,"8019"
1543581944886055000,1543581954545414000,9659359000,"8019"
1543581945065546000,1543581954545509000,9479963000,"8019"
1543581945128401000,1543581954557950000,9429549000,"8019"
1543581945101621000,1543581954557906000,9456285000,"8019"
1543581945366453000,1543581955309399000,9942946000,"8019"
1543581945487647000,1543581955309391000,9821744000,"8019"
1543581945312948000,1543581955309497000,9996549000,"8019"
1543581944793583000,1543581955379485000,10585902000,"8019"
1543581944789146000,1543581955383870000,10594724000,"8019"
1543581944797111000,1543581955383808000,10586697000,"8019"
1543581945355074000,1543581955422537000,10067463000,"8019"
1543581945357251000,1543581955431910000,10074659000,"8019"
1543581945382029000,1543581955433142000,10051113000,"8019"
1543581944854644000,1543581955476855000,10622211000,"8019"
1543581945527129000,1543581955554770000,10027641000,"8019"
1543581945483160000,1543581955613746000,10130586000,"8019"
1543581944974089000,1543581955633907000,10659818000,"8019"
1543581945311595000,1543581955691561000,10379966000,"8019"
1543581945439756000,1543581955755119000,10315363000,"8019"
1543581944969216000,1543581955759773000,10790557000,"8019"
1543581945546992000,1543581955795037000,10248045000,"8019"
1543581945576728000,1543581955833585000,10256857000,"8019"
1543581945301315000,1543581955851299000,10549984000,"8019"
1543581945360004000,1543581955854055000,10494051000,"8019"
1543581945378006000,1543581955857990000,10479984000,"8019"
1543581944788375000,1543581955889208000,11100833000,"8019"
1543581945267825000,1543581955933395000,10665570000,"8019"
1543581945435369000,1543581955955602000,10520233000,"8019"
1543581945377961000,1543581956131315000,10753354000,"8019"
1543581945075099000,1543581956168032000,11092933000,"8019"
1543581945614990000,1543581956210603000,10595613000,"8019"
1543581945627306000,1543581956253808000,10626502000,"8019"
1543581944868838000,1543581956337683000,11468845000,"8019"
1543581945487573000,1543581956611254000,11123681000,"8019"
1543581945536383000,1543581956628115000,11091732000,"8019"
1543581944900073000,1543581956634731000,11734658000,"8019"
1543581945417645000,1543581956652733000,11235088000,"8019"
1543581945491807000,1543581956714913000,11223106000,"8019"
1543581945466824000,1543581956761937000,11295113000,"8019"
1543581945249477000,1543581956822860000,11573383000,"8019"
1543581945093374000,1543581956899108000,11805734000,"8019"
1543581945431585000,1543581956917745000,11486160000,"8019"
1543581944856139000,1543581956923107000,12066968000,"8019"
1543581945138054000,1543581956947302000,11809248000,"8019"
1543581945620166000,1543581956962516000,11342350000,"8019"
1543581944892344000,1543581956962407000,12070063000,"8019"
1543581944903630000,1543581956979084000,12075454000,"8019"
1543581944927828000,1543581956979565000,12051737000,"8019"
1543581945257660000,1543581956979758000,11722098000,"8019"
1543581945439832000,1543581956988530000,11548698000,"8019"
1543581944880118000,1543581957000500000,12120382000,"8019"
1543581945253106000,1543581957021648000,11768542000,"8019"
1543581944921216000,1543581957036021000,12114805000,"8019"
1543581945571913000,1543581957052000000,11480087000,"8019"
1543581945530050000,1543581957148979000,11618929000,"8019"
1543581945680104000,1543581957192462000,11512358000,"8019"
1543581945626472000,1543581957231625000,11605153000,"8019"
1543581945501657000,1543581957292782000,11791125000,"8019"
1543581945677144000,1543581957302355000,11625211000,"8019"
1543581945679979000,1543581957844634000,12164655000,"8019"
1543581945710601000,1543581957914656000,12204055000,"8019"
1543581945701436000,1543581957916377000,12214941000,"8019"
1543581945684553000,1543581957938263000,12253710000,"8019"
1543581945647902000,1543581958035579000,12387677000,"8019"
1543581944797855000,1543581958061097000,13263242000,"8019"
1543581945236755000,1543581958296170000,13059415000,"8019"
1543581944803085000,1543581958297267000,13494182000,"8019"
1543581944934864000,1543581958315017000,13380153000,"8019"
1543581945184288000,1543581958480211000,13295923000,"8019"
1543581945594221000,1543581958659018000,13064797000,"8019"
1543581945566261000,1543581958695552000,13129291000,"8019"
1543581945434648000,1543581958919652000,13485004000,"8019"
1543581945623077000,1543581958997753000,13374676000,"8019"
1543581945563416000,1543581959239752000,13676336000,"8019"
1543581944964010000,1543581961935337000,16971327000,"8019"
1543581944819108000,1543581962453104000,17633996000,"8019"
1543581944990004000,1543581964624778000,19634774000,"8019"
1543581944789713000,1543581964760320000,19970607000,"8019"
1543581944807214000,1543581964812367000,20005153000,"8019"
1543581944783701000,1543581965216259000,20432558000,"8019"
