1543582037973865000,1543582038394528000,420663000,970299
1543582037969962000,1543582038395298000,425336000,970299
1543582037978164000,1543582038456825000,478661000,970299
1543582038150960000,1543582038476785000,325825000,970299
1543582038174277000,1543582038476703000,302426000,970299
1543582038172497000,1543582038480154000,307657000,970299
1543582038159557000,1543582038487093000,327536000,970299
1543582037988995000,1543582038525058000,536063000,970299
1543582037983819000,1543582038526051000,542232000,970299
1543582037982367000,1543582038569378000,587011000,970299
1543582037989259000,1543582038578510000,589251000,970299
1543582038014934000,1543582038614194000,599260000,970299
1543582037994212000,1543582038641017000,646805000,970299
1543582038001375000,1543582038674641000,673266000,970299
1543582038026046000,1543582038712811000,686765000,970299
1543582038016447000,1543582038741509000,725062000,970299
1543582038035730000,1543582038771209000,735479000,970299
1543582038042399000,1543582038813690000,771291000,970299
1543582038065525000,1543582038826180000,760655000,970299
1543582038052667000,1543582038861272000,808605000,970299
1543582038090878000,1543582038886216000,795338000,970299
1543582038076085000,1543582038920837000,844752000,970299
1543582038109678000,1543582038945421000,835743000,970299
1543582038124147000,1543582038970100000,845953000,970299
1543582038146116000,1543582039005206000,859090000,970299
1543582038100123000,1543582039022261000,922138000,970299
1543582038319618000,1543582039053729000,734111000,970299
1543582038483797000,1543582039073639000,589842000,970299
1543582038432207000,1543582039095765000,663558000,970299
1543582038480358000,1543582039121875000,641517000,970299
1543582038403623000,1543582039148307000,744684000,970299
1543582038328239000,1543582039172730000,844491000,970299
1543582038307602000,1543582039205952000,898350000,970299
1543582038318641000,1543582039235463000,916822000,970299
1543582038131671000,1543582039264606000,1132935000,970299
1543582038290193000,1543582039304775000,1014582000,970299
1543582038409773000,1543582039334283000,924510000,970299
1543582038418987000,1543582039357769000,938782000,970299
1543582038280775000,1543582039387458000,1106683000,970299
1543582038298952000,1543582039410181000,1111229000,970299
1543582038308136000,1543582039437860000,1129724000,970299
1543582038557789000,1543582039458807000,901018000,970299
1543582038558014000,1543582039491887000,933873000,970299
1543582038537962000,1543582039519525000,981563000,970299
1543582038534969000,1543582039540360000,1005391000,970299
1543582038532096000,1543582039565134000,1033038000,970299
1543582038544185000,1543582039592942000,1048757000,970299
1543582038608400000,1543582039613946000,1005546000,970299
1543582038616776000,1543582039645514000,1028738000,970299
1543582038597615000,1543582039666758000,1069143000,970299
1543582038625536000,1543582039696958000,1071422000,970299
1543582038500164000,1543582039720115000,1219951000,970299
1543582038669886000,1543582039748579000,1078693000,970299
1543582038675325000,1543582039776155000,1100830000,970299
1543582038668154000,1543582039800317000,1132163000,970299
1543582038690160000,1543582039828336000,1138176000,970299
1543582038732737000,1543582039852992000,1120255000,970299
1543582038755098000,1543582039880607000,1125509000,970299
1543582038747421000,1543582039913206000,1165785000,970299
1543582038738871000,1543582039926373000,1187502000,970299
1543582038681453000,1543582039960866000,1279413000,970299
1543582038790235000,1543582039988725000,1198490000,970299
1543582038832423000,1543582040011213000,1178790000,970299
1543582038834917000,1543582040041165000,1206248000,970299
1543582038840400000,1543582040068011000,1227611000,970299
1543582038851027000,1543582040094842000,1243815000,970299
1543582038788774000,1543582040118264000,1329490000,970299
1543582038781257000,1543582040150789000,1369532000,970299
1543582038894990000,1543582040173871000,1278881000,970299
1543582038883679000,1543582040200709000,1317030000,970299
1543582038968440000,1543582040229285000,1260845000,970299
1543582038941416000,1543582040252899000,1311483000,970299
1543582038961505000,1543582040280353000,1318848000,970299
1543582038966023000,1543582040309777000,1343754000,970299
1543582038908236000,1543582040337083000,1428847000,970299
1543582038915827000,1543582040360763000,1444936000,970299
1543582038999815000,1543582040390443000,1390628000,970299
1543582038913109000,1543582040416626000,1503517000,970299
1543582039039883000,1543582040444724000,1404841000,970299
1543582039028025000,1543582040466755000,1438730000,970299
1543582039046005000,1543582040494053000,1448048000,970299
1543582039033543000,1543582040516901000,1483358000,970299
1543582037972362000,1543582040554282000,2581920000,970299
1543582038181677000,1543582040585778000,2404101000,970299
1543582038006521000,1543582040611625000,2605104000,970299
1543582038057653000,1543582040635446000,2577793000,970299
1543582038074884000,1543582040661750000,2586866000,970299
1543582038115677000,1543582040689791000,2574114000,970299
1543582038318926000,1543582040721162000,2402236000,970299
1543582038436381000,1543582040746064000,2309683000,970299
1543582038404558000,1543582040772864000,2368306000,970299
1543582038273959000,1543582040803106000,2529147000,970299
1543582038284507000,1543582040825056000,2540549000,970299
1543582038606527000,1543582040852809000,2246282000,970299
1543582038651916000,1543582040876249000,2224333000,970299
1543582038738126000,1543582040904154000,2166028000,970299
1543582038843303000,1543582040926679000,2083376000,970299
1543582038968600000,1543582040955105000,1986505000,970299
1543582038901087000,1543582040978353000,2077266000,970299
1543582039050076000,1543582041007080000,1957004000,970299
1543582038335874000,1543582041032353000,2696479000,970299
