1543581975744477000,1543581976059192000,314715000,30
1543581975749876000,1543581976098109000,348233000,30
1543581975748651000,1543581976100102000,351451000,30
1543581975756940000,1543581976146067000,389127000,30
1543581975757799000,1543581976145818000,388019000,30
1543581975769314000,1543581976147662000,378348000,30
1543581975763408000,1543581976151490000,388082000,30
1543581975784758000,1543581976155687000,370929000,30
1543581975802131000,1543581976209370000,407239000,30
1543581976097803000,1543581976219294000,121491000,30
1543581976089424000,1543581976219359000,129935000,30
1543581975816901000,1543581976238006000,421105000,30
1543581975806802000,1543581976238529000,431727000,30
1543581975818655000,1543581976239054000,420399000,30
1543581975844022000,1543581976242898000,398876000,30
1543581975798639000,1543581976245259000,446620000,30
1543581975811700000,1543581976253804000,442104000,30
1543581975931818000,1543581976259041000,327223000,30
1543581975900002000,1543581976262353000,362351000,30
1543581975935859000,1543581976261388000,325529000,30
1543581975853844000,1543581976280923000,427079000,30
1543581975830567000,1543581976283359000,452792000,30
1543581975835306000,1543581976286390000,451084000,30
1543581975862793000,1543581976303647000,440854000,30
1543581975862877000,1543581976305364000,442487000,30
1543581975957277000,1543581976310938000,353661000,30
1543581975891019000,1543581976328511000,437492000,30
1543581975904713000,1543581976331765000,427052000,30
1543581975926715000,1543581976331941000,405226000,30
1543581975929940000,1543581976349695000,419755000,30
1543581975950724000,1543581976358370000,407646000,30
1543581975960359000,1543581976358438000,398079000,30
1543581975903661000,1543581976360543000,456882000,30
1543581976059450000,1543581976387176000,327726000,30
1543581976064486000,1543581976428416000,363930000,30
1543581976062529000,1543581976450247000,387718000,30
1543581976171631000,1543581976615152000,443521000,30
1543581976067186000,1543581976615243000,548057000,30
1543581976265731000,1543581976618581000,352850000,30
1543581976290649000,1543581976618288000,327639000,30
1543581976443800000,1543581976618659000,174859000,30
1543581976460632000,1543581976637530000,176898000,30
1543581976456221000,1543581976637402000,181181000,30
1543581976451716000,1543581976637354000,185638000,30
1543581976487409000,1543581976641626000,154217000,30
1543581976488069000,1543581976657592000,169523000,30
1543581976189880000,1543581976678885000,489005000,30
1543581976169497000,1543581976679190000,509693000,30
1543581976164123000,1543581976683731000,519608000,30
1543581976177844000,1543581976692465000,514621000,30
1543581976312147000,1543581976705045000,392898000,30
1543581976337873000,1543581976707232000,369359000,30
1543581976184686000,1543581976722836000,538150000,30
1543581976404201000,1543581976725443000,321242000,30
1543581976429010000,1543581976728597000,299587000,30
1543581976400100000,1543581976751928000,351828000,30
1543581976107817000,1543581976753726000,645909000,30
1543581976396351000,1543581976757949000,361598000,30
1543581976578079000,1543581976760543000,182464000,30
1543581976397527000,1543581976766865000,369338000,30
1543581976380314000,1543581976768928000,388614000,30
1543581976114667000,1543581976769365000,654698000,30
1543581976532443000,1543581976774429000,241986000,30
1543581976590939000,1543581976781980000,191041000,30
1543581976552424000,1543581976795601000,243177000,30
1543581976545963000,1543581976796444000,250481000,30
1543581976497784000,1543581976796341000,298557000,30
1543581976527732000,1543581976802078000,274346000,30
1543581976556666000,1543581976806804000,250138000,30
1543581976582905000,1543581976810054000,227149000,30
1543581976673674000,1543581976817532000,143858000,30
1543581976675397000,1543581976861029000,185632000,30
1543581976646419000,1543581976917046000,270627000,30
1543581976685384000,1543581976916979000,231595000,30
1543581976728926000,1543581976922648000,193722000,30
1543581976644033000,1543581976921209000,277176000,30
1543581976739879000,1543581976922040000,182161000,30
1543581976862790000,1543581976972300000,109510000,30
1543581976820641000,1543581976988803000,168162000,30
1543581976839235000,1543581977006678000,167443000,30
1543581976816538000,1543581977005462000,188924000,30
1543581976866541000,1543581977009480000,142939000,30
1543581976830998000,1543581977007769000,176771000,30
1543581976876555000,1543581977055090000,178535000,30
1543581976927171000,1543581977072569000,145398000,30
1543581976939991000,1543581977084161000,144170000,30
1543581976927039000,1543581977093127000,166088000,30
1543581976948916000,1543581977093174000,144258000,30
1543581976939293000,1543581977093441000,154148000,30
1543581976933265000,1543581977106049000,172784000,30
1543581975751418000,1543581977233980000,1482562000,30
1543581975771487000,1543581977236201000,1464714000,30
1543581976288826000,1543581977634708000,1345882000,30
1543581976335665000,1543581977644013000,1308348000,30
1543581976352042000,1543581977652391000,1300349000,30
1543581976221925000,1543581977705964000,1484039000,30
1543581976527446000,1543581977752151000,1224705000,30
1543581976555085000,1543581977753770000,1198685000,30
1543581976837793000,1543581978008238000,1170445000,30
1543581976879865000,1543581978084122000,1204257000,30
1543581976944252000,1543581978124469000,1180217000,30
