1543419988337854000,1543419988992045000,654191000,970299
1543419988354491000,1543419989237309000,882818000,970299
1543419988360546000,1543419989286661000,926115000,970299
1543419988366877000,1543419989329266000,962389000,970299
1543419988384854000,1543419989380792000,995938000,970299
1543419988331637000,1543419989433544000,1101907000,970299
1543419988329623000,1543419989478383000,1148760000,970299
1543419988323286000,1543419989521431000,1198145000,970299
1543419988302543000,1543420027065229000,38762686000,970299
1543419988293008000,1543420032077949000,43784941000,970299
1543419988294059000,1543420042126565000,53832506000,970299
