1543419988435580000,1543419993044267000,4608687000,8019
1543419988444345000,1543419998008314000,9563969000,8019
1543419988468886000,1543420002879639000,14410753000,8019
1543419988465834000,1543420007694756000,19228922000,8019
1543419988512486000,1543420012634004000,24121518000,8019
1543419988526118000,1543420017429689000,28903571000,8019
1543419988519627000,1543420022252445000,33732818000,8019
1543419988443119000,1543420027023849000,38580730000,8019
1543419988541613000,1543420032029970000,43488357000,8019
1543419988494178000,1543420037448614000,48954436000,8019
1543419988497011000,1543420042079664000,53582653000,8019
