1543419988228648000,1543419989122591000,893943000,247500
1543419988224011000,1543419989195174000,971163000,247500
1543419988222447000,1543419993100869000,4878422000,247500
1543419988228708000,1543419993205592000,4976884000,247500
1543419988223080000,1543419993280773000,5057693000,247500
1543419988243916000,1543419993351743000,5107827000,247500
1543419988216864000,1543419993491398000,5274534000,247500
1543419988242796000,1543419993526803000,5284007000,247500
1543419988244347000,1543419993620343000,5375996000,247500
1543419988230397000,1543419993729145000,5498748000,247500
1543419988237558000,1543419993787372000,5549814000,247500
