1543440895528024000,1543440898006696000,2478672000,8019
1543440895553888000,1543440898902774000,3348886000,8019
1543440895510368000,1543440899350173000,3839805000,8019
1543440895528802000,1543440899788384000,4259582000,8019
1543440895535162000,1543440900245010000,4709848000,8019
1543440895544674000,1543440900834765000,5290091000,8019
1543440895600983000,1543440901391295000,5790312000,8019
1543440895611630000,1543440902108427000,6496797000,8019
1543440894831211000,1543440903372681000,8541470000,8019
1543440894823152000,1543440903864651000,9041499000,8019
1543440894855605000,1543440904406503000,9550898000,8019
1543440894840096000,1543440904910949000,10070853000,8019
1543440894899458000,1543440905386742000,10487284000,8019
1543440894900318000,1543440905841083000,10940765000,8019
1543440894941279000,1543440906450551000,11509272000,8019
1543440894940422000,1543440906981678000,12041256000,8019
1543440894909628000,1543440907498729000,12589101000,8019
1543440895860633000,1543440908034379000,12173746000,8019
1543440895862829000,1543440908539582000,12676753000,8019
1543440894841564000,1543440909017636000,14176072000,8019
1543440895979172000,1543440910294977000,14315805000,8019
1543440894936644000,1543440911081971000,16145327000,8019
1543440894893317000,1543440911532490000,16639173000,8019
1543440894938157000,1543440911997038000,17058881000,8019
1543440895012850000,1543440913750768000,18737918000,8019
1543440895060167000,1543440914325482000,19265315000,8019
1543440895079344000,1543440914787528000,19708184000,8019
1543440895088223000,1543440915422335000,20334112000,8019
1543440895003402000,1543440915889410000,20886008000,8019
1543440895032510000,1543440916339725000,21307215000,8019
1543440894994159000,1543440916840493000,21846334000,8019
1543440895021544000,1543440917315253000,22293709000,8019
1543440895101194000,1543440917814857000,22713663000,8019
1543440895093762000,1543440918323761000,23229999000,8019
1543440895076607000,1543440918942902000,23866295000,8019
1543440895117886000,1543440919391362000,24273476000,8019
1543440895048655000,1543440919838073000,24789418000,8019
1543440895110858000,1543440920288308000,25177450000,8019
1543440895083205000,1543440920788837000,25705632000,8019
1543440895052557000,1543440921250086000,26197529000,8019
1543440895006544000,1543440921766801000,26760257000,8019
1543440895107492000,1543440922309473000,27201981000,8019
1543440895024853000,1543440922878133000,27853280000,8019
1543440895084350000,1543440923443182000,28358832000,8019
1543440895103201000,1543440924058090000,28954889000,8019
1543440895001061000,1543440924583826000,29582765000,8019
1543440895059270000,1543440925149054000,30089784000,8019
1543440895057789000,1543440925806825000,30749036000,8019
1543440895097638000,1543440926295906000,31198268000,8019
1543440894983767000,1543440926839533000,31855766000,8019
1543440895307980000,1543440927484093000,32176113000,8019
1543440895356898000,1543440928593681000,33236783000,8019
1543440895363485000,1543440929162605000,33799120000,8019
1543440895315847000,1543440929957583000,34641736000,8019
1543440895306289000,1543440930413172000,35106883000,8019
1543440895301691000,1543440930910572000,35608881000,8019
1543440895299056000,1543440931409869000,36110813000,8019
1543440895505166000,1543440933641001000,38135835000,8019
1543440895497286000,1543440934088869000,38591583000,8019
1543440895602305000,1543440934802577000,39200272000,8019
1543440895508121000,1543440935244563000,39736442000,8019
1543440895546448000,1543440935777725000,40231277000,8019
1543440895519466000,1543440936235682000,40716216000,8019
1543440895590947000,1543440936697182000,41106235000,8019
1543440895568755000,1543440937131134000,41562379000,8019
1543440895573212000,1543440937574423000,42001211000,8019
1543440895562131000,1543440938036162000,42474031000,8019
1543440895555813000,1543440938489870000,42934057000,8019
1543440895549877000,1543440938944651000,43394774000,8019
1543440895578785000,1543440939520732000,43941947000,8019
1543440895584018000,1543440940007124000,44423106000,8019
1543440895593962000,1543440940573910000,44979948000,8019
1543440895501922000,1543440941158895000,45656973000,8019
1543440895607531000,1543440941733185000,46125654000,8019
1543440895575479000,1543440942251314000,46675835000,8019
1543440895525566000,1543440942800342000,47274776000,8019
1543440895597436000,1543440943389374000,47791938000,8019
1543440895582055000,1543440943939724000,48357669000,8019
1543440895856722000,1543440944538114000,48681392000,8019
1543440895864810000,1543440945109889000,49245079000,8019
1543440895931762000,1543440945737665000,49805903000,8019
1543440895900253000,1543440946245453000,50345200000,8019
1543440895841109000,1543440946748976000,50907867000,8019
1543440895864493000,1543440947301446000,51436953000,8019
1543440894847977000,1543440947815612000,52967635000,8019
1543440895813981000,1543440948431368000,52617387000,8019
1543440895937518000,1543440949089147000,53151629000,8019
1543440895823375000,1543440949701978000,53878603000,8019
1543440895831559000,1543440950169127000,54337568000,8019
1543440895815285000,1543440950786133000,54970848000,8019
1543440894905124000,1543440951296924000,56391800000,8019
1543440895460680000,1543440951823307000,56362627000,8019
1543440895411015000,1543440952379250000,56968235000,8019
1543440895401477000,1543440952934867000,57533390000,8019
1543440895456245000,1543440953573390000,58117145000,8019
1543440895406256000,1543440954062221000,58655965000,8019
1543440895451820000,1543440954677415000,59225595000,8019
1543440895455894000,1543440955173614000,59717720000,8019
1543440895354605000,1543440956110424000,60755819000,8019
1543440895383213000,1543440956512203000,61128990000,8019
1543440895427569000,1543440957134751000,61707182000,8019
