1543440752705423000,1543440757558919000,4853496000,"247500"
1543440752728788000,1543440757594252000,4865464000,"247500"
1543440752724244000,1543440757810919000,5086675000,"247500"
1543440752731188000,1543440757960842000,5229654000,"247500"
1543440752719463000,1543440758081500000,5362037000,"247500"
1543440752709332000,1543440758396651000,5687319000,"247500"
1543440752705149000,1543440758622242000,5917093000,"247500"
1543440752713388000,1543440758701895000,5988507000,"247500"
1543440752735108000,1543440758742072000,6006964000,"247500"
1543440752714397000,1543440758754124000,6039727000,"247500"
1543440752722827000,1543440758851693000,6128866000,"247500"
