1543440753272675000,1543440756447742000,3175067000,970299
1543440753274462000,1543440756476108000,3201646000,970299
1543440753200003000,1543440759302685000,6102682000,970299
1543440753215024000,1543440759346414000,6131390000,970299
1543440753212741000,1543440760023955000,6811214000,970299
1543440753228875000,1543440760027796000,6798921000,970299
1543440753218297000,1543440760025895000,6807598000,970299
1543440753203125000,1543440760030614000,6827489000,970299
1543440753281668000,1543440760031287000,6749619000,970299
1543440753281327000,1543440760031349000,6750022000,970299
1543440753276894000,1543440760051003000,6774109000,970299
