1543440753340144000,1543440754174186000,834042000,8019
1543440753390840000,1543440754588804000,1197964000,8019
1543440753393853000,1543440755097330000,1703477000,8019
1543440753395908000,1543440755609053000,2213145000,8019
1543440753398905000,1543440756017343000,2618438000,8019
1543440753398783000,1543440756411880000,3013097000,8019
1543440753328505000,1543440756949060000,3620555000,8019
1543440753327980000,1543440757450998000,4123018000,8019
1543440753324883000,1543440757984459000,4659576000,8019
1543440753333672000,1543440759295871000,5962199000,8019
1543440753334190000,1543440760030263000,6696073000,8019
