1543440782313196000,1543440783795081000,1481885000,"970299"
1543440782312313000,1543440783896796000,1584483000,"970299"
1543440782303636000,1543440783962977000,1659341000,"970299"
1543440782367785000,1543440783988230000,1620445000,"970299"
1543440782403028000,1543440784017198000,1614170000,"970299"
1543440782321617000,1543440784080841000,1759224000,"970299"
1543440782460879000,1543440784094019000,1633140000,"970299"
1543440782471152000,1543440785184483000,2713331000,"970299"
1543440782384056000,1543440785282772000,2898716000,"970299"
1543440782388201000,1543440785308075000,2919874000,"970299"
1543440782517626000,1543440785322535000,2804909000,"970299"
1543440782307489000,1543440785355765000,3048276000,"970299"
1543440782378411000,1543440785361871000,2983460000,"970299"
1543440782348231000,1543440785369866000,3021635000,"970299"
1543440782392228000,1543440785412574000,3020346000,"970299"
1543440782514970000,1543440785413654000,2898684000,"970299"
1543440782464553000,1543440785433085000,2968532000,"970299"
1543440782467592000,1543440785476464000,3008872000,"970299"
1543440782484398000,1543440785510465000,3026067000,"970299"
1543440782512724000,1543440785717110000,3204386000,"970299"
1543440782368153000,1543440785989545000,3621392000,"970299"
