1543419988772962000,1543419989022701000,249739000,
1543419988762587000,1543419991284978000,2522391000,"970299"
1543419988779087000,1543419991348731000,2569644000,"970299"
1543419988805269000,1543419992396654000,3591385000,"970299"
1543419988715791000,1543419992493981000,3778190000,"970299"
1543419988786081000,1543419993463498000,4677417000,"970299"
1543419988731080000,1543419994219522000,5488442000,"970299"
1543419988798920000,1543419994220375000,5421455000,"970299"
1543419988724340000,1543419994222495000,5498155000,"970299"
1543419988724948000,1543419994231167000,5506219000,"970299"
1543419988748486000,1543419994234669000,5486183000,"970299"
