1543419988659404000,1543419991669198000,3009794000,"247500"
1543419988667079000,1543419991688868000,3021789000,"247500"
1543419988594968000,1543419991688295000,3093327000,"247500"
1543419988590637000,1543419991694137000,3103500000,"247500"
1543419988587428000,1543419992167069000,3579641000,"247500"
1543419988651956000,1543419992167215000,3515259000,"247500"
1543419988590697000,1543419992239274000,3648577000,"247500"
1543419988631548000,1543419992626469000,3994921000,"247500"
1543419988595714000,1543419992835406000,4239692000,"247500"
1543419988647292000,1543419992937001000,4289709000,"247500"
1543419988604452000,1543419993124385000,4519933000,"247500"
