1543581851737998000,1543581852587612000,849614000,"30"
1543581851705331000,1543581852589197000,883866000,"30"
1543581851724539000,1543581852586367000,861828000,"30"
1543581851797393000,1543581852589033000,791640000,"30"
1543581851797615000,1543581852589304000,791689000,"30"
1543581851762508000,1543581852691134000,928626000,"30"
1543581851776856000,1543581852690912000,914056000,"30"
1543581851852578000,1543581852710786000,858208000,"30"
1543581851763448000,1543581852713580000,950132000,"30"
1543581851811714000,1543581852714539000,902825000,"30"
1543581851786527000,1543581852730406000,943879000,"30"
1543581852010506000,1543581852749438000,738932000,"30"
1543581851669326000,1543581852801268000,1131942000,"30"
1543581852030098000,1543581852808315000,778217000,"30"
1543581851645993000,1543581852806433000,1160440000,"30"
1543581851666557000,1543581852813186000,1146629000,"30"
1543581852020069000,1543581852813188000,793119000,"30"
1543581851656204000,1543581852811262000,1155058000,"30"
1543581852023914000,1543581852816586000,792672000,"30"
1543581851648609000,1543581852807812000,1159203000,"30"
1543581851695610000,1543581852834830000,1139220000,"30"
1543581851688315000,1543581852834553000,1146238000,"30"
1543581851962997000,1543581852855948000,892951000,"30"
1543581852015587000,1543581852861947000,846360000,"30"
1543581851974733000,1543581852867511000,892778000,"30"
1543581851968898000,1543581852868913000,900015000,"30"
1543581851899156000,1543581852868861000,969705000,"30"
1543581851903723000,1543581852882657000,978934000,"30"
1543581851641872000,1543581852896995000,1255123000,"30"
1543581851910470000,1543581852901586000,991116000,"30"
1543581851652061000,1543581852908352000,1256291000,"30"
1543581851980949000,1543581852908225000,927276000,"30"
1543581852593333000,1543581853304969000,711636000,"30"
1543581852525412000,1543581853332958000,807546000,"30"
1543581852504304000,1543581853357842000,853538000,"30"
1543581852217121000,1543581853382459000,1165338000,"30"
1543581852330675000,1543581853392558000,1061883000,"30"
1543581852258862000,1543581853392592000,1133730000,"30"
1543581852577739000,1543581853446358000,868619000,"30"
1543581852115449000,1543581853446721000,1331272000,"30"
1543581852322132000,1543581853450175000,1128043000,"30"
1543581852205312000,1543581853458176000,1252864000,"30"
1543581852335662000,1543581853462582000,1126920000,"30"
1543581852675941000,1543581853472125000,796184000,"30"
1543581852574958000,1543581853471630000,896672000,"30"
1543581852274325000,1543581853479090000,1204765000,"30"
1543581852276406000,1543581853484198000,1207792000,"30"
1543581852261379000,1543581853486346000,1224967000,"30"
1543581852381985000,1543581853504185000,1122200000,"30"
1543581852267844000,1543581853510224000,1242380000,"30"
1543581852228783000,1543581853515679000,1286896000,"30"
1543581852707919000,1543581853524932000,817013000,"30"
1543581852728901000,1543581853534289000,805388000,"30"
1543581852703293000,1543581853534248000,830955000,"30"
1543581852209113000,1543581853542031000,1332918000,"30"
1543581851730621000,1543581853551446000,1820825000,"30"
1543581852585163000,1543581853586143000,1000980000,"30"
1543581852633889000,1543581853590883000,956994000,"30"
1543581852518506000,1543581853602285000,1083779000,"30"
1543581852353339000,1543581853606374000,1253035000,"30"
1543581852398885000,1543581853608477000,1209592000,"30"
1543581852649787000,1543581853609866000,960079000,"30"
1543581852632821000,1543581853613991000,981170000,"30"
1543581852377210000,1543581853649497000,1272287000,"30"
1543581851790458000,1543581853649955000,1859497000,"30"
1543581852383594000,1543581853652000000,1268406000,"30"
1543581852451335000,1543581853661701000,1210366000,"30"
1543581852451902000,1543581853664384000,1212482000,"30"
1543581852642997000,1543581853673753000,1030756000,"30"
1543581851950278000,1543581853724261000,1773983000,"30"
1543581852458731000,1543581853741683000,1282952000,"30"
1543581852453763000,1543581853747326000,1293563000,"30"
1543581851700900000,1543581853862538000,2161638000,"30"
1543581851661310000,1543581853868413000,2207103000,"30"
1543581852039098000,1543581853876439000,1837341000,"30"
1543581851672741000,1543581853896231000,2223490000,"30"
1543581851907220000,1543581853964654000,2057434000,"30"
1543581852137729000,1543581854219063000,2081334000,"30"
1543581852110230000,1543581854284964000,2174734000,"30"
1543581852088425000,1543581854360470000,2272045000,"30"
1543581852112118000,1543581854364945000,2252827000,"30"
1543581852265339000,1543581854420067000,2154728000,"30"
1543581852086226000,1543581854420015000,2333789000,"30"
1543581852095038000,1543581854425164000,2330126000,"30"
1543581852163741000,1543581854433825000,2270084000,"30"
1543581852206115000,1543581854464431000,2258316000,"30"
1543581852326889000,1543581854477309000,2150420000,"30"
1543581852392998000,1543581854528389000,2135391000,"30"
1543581852503412000,1543581854591468000,2088056000,"30"
1543581852508436000,1543581854612007000,2103571000,"30"
1543581852326947000,1543581854628099000,2301152000,"30"
1543581852510292000,1543581854655956000,2145664000,"30"
1543581852642276000,1543581854673609000,2031333000,"30"
1543581852401455000,1543581854681646000,2280191000,"30"
1543581852474845000,1543581854724231000,2249386000,"30"
1543581852446499000,1543581854737341000,2290842000,"30"
1543581851658924000,1543581854934474000,3275550000,"30"
1543581852199907000,1543581855381527000,3181620000,"30"
1543581852132067000,1543581855396114000,3264047000,"30"
1543581852115390000,1543581855468427000,3353037000,"30"
1543581851748194000,1543581855715326000,3967132000,"30"
