1543440783225507000,1543440784669849000,1444342000,970299
1543440783227350000,1543440787996519000,4769169000,970299
1543440783044749000,1543440791656776000,8612027000,970299
1543440783036669000,1543440791656605000,8619936000,970299
1543440783055322000,1543440791656668000,8601346000,970299
1543440783033553000,1543440791656741000,8623188000,970299
1543440783030389000,1543440792150983000,9120594000,970299
1543440783030736000,1543440793191936000,10161200000,970299
1543440783084498000,1543440794890295000,11805797000,970299
1543440783099022000,1543440794918873000,11819851000,970299
1543440783097999000,1543440794941851000,11843852000,970299
1543440783102719000,1543440794978068000,11875349000,970299
1543440783107052000,1543440795005982000,11898930000,970299
1543440783150292000,1543440795032506000,11882214000,970299
1543440783116328000,1543440795055182000,11938854000,970299
1543440783161226000,1543440795083849000,11922623000,970299
1543440783186003000,1543440795108474000,11922471000,970299
1543440783158071000,1543440795137536000,11979465000,970299
1543440783161127000,1543440795162853000,12001726000,970299
1543440783168051000,1543440795191938000,12023887000,970299
1543440783157004000,1543440795214442000,12057438000,970299
