1543440783484383000,1543440784451325000,966942000,8019
1543440783465648000,1543440785157680000,1692032000,8019
1543440783459407000,1543440785619795000,2160388000,8019
1543440783345489000,1543440786080035000,2734546000,8019
1543440783251120000,1543440786635727000,3384607000,8019
1543440783420119000,1543440787050689000,3630570000,8019
1543440783252091000,1543440787444616000,4192525000,8019
1543440783458013000,1543440787996594000,4538581000,8019
1543440783405348000,1543440788479345000,5073997000,8019
1543440783407704000,1543440788844203000,5436499000,8019
1543440783461402000,1543440789398619000,5937217000,8019
1543440783247197000,1543440789839367000,6592170000,8019
1543440783396970000,1543440790381569000,6984599000,8019
1543440783275813000,1543440791022077000,7746264000,8019
1543440783294659000,1543440791523354000,8228695000,8019
1543440783400576000,1543440792150877000,8750301000,8019
1543440783299746000,1543440792582705000,9282959000,8019
1543440783297797000,1543440793159600000,9861803000,8019
1543440783329859000,1543440793770552000,10440693000,8019
1543440783341264000,1543440794302715000,10961451000,8019
1543440783337303000,1543440794868095000,11530792000,8019
