1543440782963601000,1543440783667411000,703810000,247500
1543440782970491000,1543440783781103000,810612000,247500
1543440782960946000,1543440783851044000,890098000,247500
1543440782976232000,1543440783965752000,989520000,247500
1543440782974898000,1543440784510701000,1535803000,247500
1543440782965210000,1543440784628926000,1663716000,247500
1543440782789800000,1543440795246051000,12456251000,247500
1543440782790444000,1543440795374085000,12583641000,247500
1543440782839423000,1543440795442047000,12602624000,247500
1543440782803517000,1543440795510633000,12707116000,247500
1543440782806558000,1543440795651157000,12844599000,247500
1543440782816089000,1543440795679484000,12863395000,247500
1543440782854351000,1543440795766745000,12912394000,247500
1543440782855856000,1543440795882081000,13026225000,247500
1543440782863303000,1543440795980257000,13116954000,247500
1543440782845025000,1543440796067755000,13222730000,247500
1543440782880406000,1543440796152195000,13271789000,247500
1543440782910513000,1543440796182506000,13271993000,247500
1543440782893147000,1543440796291797000,13398650000,247500
1543440782902027000,1543440796391003000,13488976000,247500
1543440782917538000,1543440796451644000,13534106000,247500
